898,662,1560
616,24,640
955,816,1771
777,747,1524
22,850,872
668,720,1388
745,877,1622
888,143,1031
668,650,1318
432,910,1342
139,20,159
90,476,566
886,187,1073
573,414,987
512,326,838
810,656,1466
450,159,609
10,441,451
763,512,1275
655,804,1459
460,790,1250
101,143,244
915,351,1266
450,930,1380
545,957,1502
425,805,1230
24,705,729
369,576,945
286,699,985
141,361,502
496,671,1167
437,334,771
500,891,1391
261,938,1199
28,202,230
492,603,1095
102,125,227
211,700,911
111,126,237
489,986,1475
144,745,889
29,132,161
762,117,879
570,531,1101
294,548,842
739,109,848
608,280,888
515,781,1296
210,156,366
604,31,635
466,443,909
247,873,1120
779,760,1539
506,243,749
435,843,1278
417,644,1061
287,825,1112
405,760,1165
181,526,707
204,584,788
168,848,1016
899,66,965
202,674,876
21,824,845
953,955,1908
889,329,1218
711,533,1244
630,744,1374
128,74,202
830,126,956
39,459,498
817,412,1229
679,520,1199
652,103,755
233,104,337
468,370,838
695,12,707
835,36,871
623,398,1021
991,818,1809
955,765,1720
775,328,1103
863,413,1276
645,419,1064
476,477,953
710,715,1425
658,246,904
266,105,371
927,556,1483
591,94,685
297,435,732
45,367,412
688,703,1391
991,916,1907
873,220,1093
992,498,1490
766,906,1672
313,659,972
354,486,840
272,710,982
318,20,338
838,96,934
857,796,1653
946,350,1296
456,1,457
676,832,1508
296,450,746
857,762,1619
754,982,1736
315,7,322
281,332,613
173,570,743
608,432,1040
444,172,616
445,94,539
419,310,729
888,635,1523
538,154,692
442,923,1365
539,826,1365
33,250,283
390,665,1055
845,94,939
384,177,561
385,407,792
816,592,1408
619,296,915
454,605,1059
638,312,950
891,853,1744
448,147,595
169,296,465
730,536,1266
101,601,702
761,691,1452
309,488,797
818,409,1227
749,482,1231
463,438,901
213,243,456
108,994,1102
902,890,1792
737,176,913
28,686,714
383,521,904
449,325,774
735,562,1297
699,176,875
93,325,418
244,562,806
249,188,437
87,121,208
914,321,1235
898,782,1680
726,389,1115
79,242,321
262,368,630
542,325,867
98,810,908
348,399,747
93,700,793
354,491,845
626,730,1356
822,556,1378
591,909,1500
397,45,442
131,668,799
703,642,1345
83,209,292
141,525,666
782,256,1038
24,796,820
531,883,1414
700,510,1210
852,29,881
830,649,1479
79,124,203
480,230,710
366,642,1008
683,435,1118
222,928,1150
936,635,1571
730,873,1603
103,757,860
937,903,1840
170,748,918
319,217,536
689,254,943
629,884,1513
452,448,900
520,517,1037
106,731,837
709,734,1443
228,189,417
886,470,1356
324,899,1223
410,900,1310
159,553,712
180,901,1081
350,408,758
219,809,1028
509,917,1426
583,137,720
871,741,1612
92,824,916
853,329,1182
582,251,833
30,212,242
273,296,569
176,477,653
390,122,512
91,1,92
466,319,785
707,197,904
851,370,1221
248,633,881
347,174,521
349,750,1099
142,828,970
376,461,837
488,877,1365
155,662,817
25,872,897
756,518,1274
476,992,1468
403,937,1340
813,760,1573
913,644,1557
212,736,948
19,544,563
279,348,627
288,786,1074
791,191,982
479,889,1368
522,401,923
888,328,1216
715,2,717
25,99,124
535,422,957
227,440,667
665,448,1113
500,87,587
343,398,741
325,616,941
401,527,928
400,98,498
188,144,332
986,442,1428
753,810,1563
222,758,980
419,193,612
162,139,301
921,212,1133
108,160,268
975,817,1792
2,891,893
510,623,1133
994,887,1881
787,370,1157
834,56,890
158,565,723
605,914,1519
185,130,315
83,216,299
724,298,1022
426,215,641
637,738,1375
206,645,851
357,555,912
799,597,1396
816,190,1006
558,744,1302
283,698,981
20,60,80
610,69,679
573,737,1310
137,676,813
827,186,1013
654,315,969
547,914,1461
727,562,1289
537,49,586
910,235,1145
644,659,1303
323,513,836
971,444,1415
509,879,1388
565,901,1466
862,122,984
688,793,1481
183,913,1096
109,808,917
512,800,1312
417,991,1408
56,722,778
421,795,1216
612,962,1574
725,243,968
494,148,642
77,355,432
661,431,1092
510,309,819
78,695,773
558,217,775
12,114,126
279,998,1277
555,46,601
410,470,880
602,367,969
807,596,1403
727,130,857
753,751,1504
886,421,1307
726,433,1159
330,938,1268
834,961,1795
511,873,1384
335,596,931
804,164,968
220,769,989
979,943,1922
364,259,623
474,223,697
159,90,249
168,854,1022
865,749,1614
979,909,1888
683,303,986
792,962,1754
101,958,1059
686,522,1208
296,139,435
477,668,1145
302,778,1080
744,251,995
846,490,1336
623,903,1526
552,329,881
846,660,1506
487,907,1394
913,544,1457
191,423,614
426,352,778
884,495,1379
691,641,1332
187,998,1185
323,25,348
846,326,1172
434,449,883
971,452,1423
248,119,367
60,241,301
781,703,1484
489,922,1411
10,17,27
214,884,1098
923,612,1535
942,480,1422
598,618,1216
591,332,923
472,193,665
762,596,1358
587,72,659
942,241,1183
592,988,1580
635,689,1324
129,746,875
599,12,611
518,558,1076
275,922,1197
118,913,1031
673,485,1158
844,34,878
605,903,1508
336,690,1026
434,180,614
246,508,754
313,909,1222
120,271,391
660,800,1460
83,261,344
36,28,64
929,217,1146
185,601,786
587,323,910
969,846,1815
26,318,344
550,95,645
570,203,773
274,337,611
886,170,1056
783,103,886
894,298,1192
538,645,1183
793,201,994
816,821,1637
185,858,1043
800,141,941
133,319,452
43,702,745
303,561,864
985,328,1313
123,553,676
372,174,546
128,27,155
125,948,1073
321,630,951
537,727,1264
954,515,1469
923,728,1651
52,400,452
433,541,974
212,109,321
148,225,373
479,917,1396
5,2,7
127,542,669
567,767,1334
526,280,806
240,238,478
331,829,1160
688,334,1022
391,352,743
486,583,1069
949,155,1104
994,882,1876
701,172,873
812,331,1143
661,568,1229
33,784,817
836,25,861
225,325,550
764,886,1650
709,573,1282
836,598,1434
828,161,989
455,432,887
391,64,455
906,606,1512
703,874,1577
786,372,1158
624,825,1449
891,989,1880
331,826,1157
714,13,727
495,42,537
6,868,874
91,8,99
818,677,1495
929,659,1588
992,107,1099
592,559,1151
973,249,1222
446,908,1354
835,206,1041
645,103,748
210,163,373
95,36,131
376,76,452
158,881,1039
421,489,910
621,765,1386
689,484,1173
853,233,1086
793,760,1553
238,859,1097
151,607,758
114,669,783
332,526,858
475,147,622
143,639,782
275,595,870
928,661,1589
310,172,482
871,815,1686
827,839,1666
838,123,961
127,115,242
16,420,436
11,835,846
392,983,1375
442,408,850
665,816,1481
304,890,1194
156,104,260
426,386,812
424,773,1197
800,896,1696
585,990,1575
385,117,502
644,140,784
292,862,1154
722,754,1476
657,720,1377
968,196,1164
100,850,950
645,651,1296
641,796,1437
210,738,948
716,557,1273
946,197,1143
335,418,753
274,998,1272
246,105,351
692,381,1073
409,206,615
649,834,1483
466,173,639
15,927,942
707,375,1082
242,940,1182
751,895,1646
164,811,975
819,105,924
110,666,776
235,187,422
933,755,1688
114,234,348
290,393,683
405,492,897
117,943,1060
886,956,1842
745,488,1233
801,593,1394
251,600,851
22,59,81
447,252,699
856,143,999
267,981,1248
846,125,971
745,302,1047
358,953,1311
727,102,829
425,745,1170
484,823,1307
962,942,1904
775,130,905
745,646,1391
835,336,1171
205,966,1171
515,755,1270
540,788,1328
431,507,938
477,177,654
570,61,631
292,951,1243
612,951,1563
476,988,1464
807,417,1224
809,924,1733
76,845,921
14,828,842
223,946,1169
131,503,634
489,224,713
591,687,1278
855,269,1124
322,188,510
408,21,429
346,253,599
988,69,1057
491,572,1063
286,604,890
622,843,1465
890,973,1863
410,680,1090
127,348,475
699,190,889
399,151,550
794,86,880
813,467,1280
406,432,838
175,548,723
699,465,1164
81,203,284
891,1,892
139,326,465
532,396,928
62,782,844
662,465,1127
736,529,1265
903,383,1286
886,310,1196
738,468,1206
691,271,962
536,848,1384
108,675,783
90,274,364
464,549,1013
267,861,1128
12,498,510
979,288,1267
533,550,1083
80,205,285
58,121,179
686,228,914
455,635,1090
577,331,908
765,826,1591
554,730,1284
183,514,697
987,61,1048
819,356,1175
368,349,717
772,519,1291
902,274,1176
388,227,615
524,119,643
268,734,1002
236,912,1148
502,774,1276
7,376,383
72,770,842
358,379,737
749,147,896
330,984,1314
468,355,823
85,93,178
693,43,736
274,200,474
967,112,1079
163,288,451
272,377,649
496,554,1050
416,276,692
407,190,597
639,556,1195
77,819,896
962,557,1519
859,532,1391
745,239,984
132,888,1020
418,641,1059
754,47,801
567,570,1137
47,382,429
102,860,962
105,302,407
866,492,1358
660,473,1133
4,280,284
1000,633,1633
981,14,995
239,386,625
623,946,1569
962,764,1726
400,547,947
821,51,872
743,782,1525
815,50,865
730,574,1304
953,59,1012
39,739,778
182,569,751
471,301,772
792,641,1433
789,735,1524
922,95,1017
63,662,725
221,464,685
892,123,1015
950,979,1929
161,627,788
882,847,1729
448,622,1070
179,102,281
932,93,1025
349,617,966
171,776,947
745,154,899
980,475,1455
591,318,909
166,962,1128
119,250,369
800,82,882
114,461,575
234,686,920
473,400,873
478,895,1373
625,583,1208
846,847,1693
31,822,853
108,958,1066
64,366,430
672,803,1475
758,672,1430
593,118,711
704,817,1521
489,348,837
597,907,1504
843,378,1221
958,114,1072
147,694,841
977,124,1101
287,236,523
988,455,1443
832,948,1780
527,148,675
690,543,1233
384,247,631
337,952,1289
144,236,380
904,316,1220
679,995,1674
991,928,1919
337,323,660
970,637,1607
483,310,793
0,735,735
183,724,907
548,691,1239
958,531,1489
319,247,566
549,973,1522
910,515,1425
324,217,541
437,189,626
311,287,598
910,751,1661
159,744,903
918,619,1537
160,64,224
367,666,1033
904,931,1835
531,90,621
632,838,1470
376,730,1106
199,81,280
651,155,806
657,292,949
549,344,893
552,695,1247
626,655,1281
480,515,995
761,163,924
516,319,835
195,8,203
336,742,1078
175,196,371
986,986,1972
101,21,122
592,731,1323
117,877,994
41,836,877
347,653,1000
907,906,1813
98,514,612
364,505,869
21,472,493
497,192,689
464,407,871
480,660,1140
511,908,1419
698,745,1443
965,876,1841
293,374,667
16,879,895
910,771,1681
883,36,919
554,460,1014
385,98,483
748,192,940
103,606,709
799,423,1222
634,734,1368
826,359,1185
764,447,1211
617,48,665
879,608,1487
721,402,1123
323,173,496
27,640,667
726,301,1027
273,178,451
507,375,882
725,71,796
279,472,751
365,315,680
326,605,931
518,359,877
780,628,1408
679,967,1646
475,342,817
764,626,1390
275,281,556
856,534,1390
867,275,1142
600,589,1189
470,829,1299
688,529,1217
623,390,1013
197,584,781
680,141,821
791,414,1205
559,37,596
341,110,451
842,375,1217
833,533,1366
285,448,733
211,728,939
927,277,1204
89,640,729
439,61,500
796,393,1189
135,906,1041
134,819,953
496,724,1220
973,272,1245
251,368,619
9,401,410
932,444,1376
619,75,694
566,983,1549
1000,380,1380
131,881,1012
262,480,742
9,728,737
193,598,791
336,624,960
896,407,1303
508,647,1155
288,303,591
832,13,845
432,19,451
915,689,1604
434,235,669
319,95,414
949,437,1386
843,693,1536
890,61,951
372,698,1070
904,59,963
951,383,1334
167,142,309
281,332,613
438,160,598
168,63,231
540,476,1016
589,571,1160
847,993,1840
366,842,1208
952,902,1854
758,373,1131
432,967,1399
931,187,1118
203,955,1158
803,550,1353
595,778,1373
518,776,1294
615,239,854
828,33,861
774,110,884
890,24,914
649,444,1093
111,447,558
181,318,499
175,734,909
161,975,1136
482,63,545
774,887,1661
81,137,218
610,565,1175
783,797,1580
460,171,631
379,107,486
468,494,962
534,106,640
730,596,1326
628,834,1462
364,601,965
478,780,1258
536,855,1391
699,972,1671
309,934,1243
280,501,781
97,403,500
245,736,981
227,186,413
736,586,1322
778,914,1692
747,170,917
835,780,1615
330,965,1295
29,295,324
712,104,816
898,528,1426
350,116,466
798,738,1536
41,597,638
934,109,1043
279,248,527
57,263,320
870,638,1508
512,877,1389
18,575,593
541,505,1046
446,567,1013
293,747,1040
2,203,205
355,838,1193
517,78,595
282,40,322
231,482,713
898,291,1189
880,4,884
534,197,731
226,458,684
147,131,278
226,222,448
235,518,753
833,51,884
91,58,149
997,20,1017
136,839,975
86,473,559
286,522,808
61,856,917
757,261,1018
338,558,896
109,820,929
969,522,1491
558,627,1185
236,547,783
238,303,541
384,632,1016
611,751,1362
598,646,1244
227,998,1225
42,813,855
417,46,463
264,890,1154
878,740,1618
151,914,1065
449,985,1434
354,58,412
620,192,812
94,450,544
56,412,468
61,417,478
762,557,1319
512,405,917
699,598,1297
369,95,464
17,286,303
611,366,977
190,569,759
842,470,1312
425,409,834
444,982,1426
254,588,842
588,834,1422
405,33,438
471,345,816
538,933,1471
205,107,312
673,123,796
934,836,1770
264,911,1175
793,80,873
527,64,591
836,59,895
870,211,1081
280,594,874
595,886,1481
59,181,240
282,480,762
15,992,1007
99,792,891
190,167,357
615,13,628
22,138,160
702,585,1287
805,563,1368
823,756,1579
205,461,666
626,231,857
459,171,630
130,263,393
912,597,1509
373,569,942
531,503,1034
131,196,327
411,276,687
954,412,1366
131,411,542
372,275,647
718,574,1292
878,773,1651
712,292,1004
175,35,210
71,683,754
784,128,912
302,843,1145
57,118,175
681,617,1298
200,695,895
652,530,1182
534,966,1500
410,844,1254
711,793,1504
816,78,894
803,601,1404
421,138,559
179,310,489
889,146,1035
572,503,1075
845,752,1597
832,152,984
978,714,1692
561,526,1087
599,194,793
714,669,1383
297,863,1160
304,362,666
383,694,1077
282,5,287
457,556,1013
219,10,229
324,649,973
119,873,992
362,54,416
425,57,482
67,74,141
755,302,1057
827,418,1245
0,699,699
311,277,588
622,157,779
47,691,738
748,739,1487
649,938,1587
915,888,1803
759,772,1531
541,269,810
794,453,1247
785,665,1450
449,169,618
217,676,893
632,966,1598
83,178,261
188,687,875
250,162,412
927,147,1074
404,374,778
853,73,926
994,260,1254
136,977,1113
468,647,1115
169,953,1122
578,937,1515
610,865,1475
642,181,823
326,557,883
315,926,1241
389,709,1098
510,877,1387
38,448,486
95,220,315
278,451,729
808,801,1609
814,495,1309
626,937,1563
125,791,916
656,828,1484
511,724,1235
325,324,649
747,808,1555
484,968,1452
478,466,944
670,539,1209
950,82,1032
561,120,681
277,889,1166
174,982,1156
239,189,428
882,953,1835
927,961,1888
123,770,893
100,779,879
75,329,404
300,710,1010
695,760,1455
591,148,739
647,798,1445
611,505,1116
171,373,544
607,825,1432
788,147,935
145,564,709
711,169,880
892,266,1158
762,698,1460
270,935,1205
58,169,227
446,937,1383
988,63,1051
236,22,258
874,911,1785
331,316,647
203,851,1054
535,201,736
583,485,1068
491,300,791
19,571,590
48,969,1017
258,500,758
640,511,1151
575,633,1208
417,319,736
331,754,1085
928,501,1429
380,991,1371
225,300,525
998,148,1146
228,334,562
910,546,1456
764,435,1199
463,682,1145
83,368,451
632,678,1310
78,455,533
672,255,927
718,345,1063
838,809,1647
223,180,403
335,68,403
522,695,1217
39,978,1017
327,28,355
280,19,299
361,385,746
805,244,1049
589,424,1013
251,724,975
290,1000,1290
507,851,1358
996,9,1005
606,680,1286
262,335,597
727,451,1178
606,243,849
227,339,566
296,128,424
249,291,540
929,665,1594
673,53,726
411,623,1034
399,283,682
31,68,99
951,675,1626
708,588,1296
384,833,1217
660,324,984
781,163,944
416,583,999
83,802,885
581,487,1068
33,142,175
965,249,1214
838,686,1524
7,995,1002
561,692,1253
561,501,1062
652,508,1160
606,522,1128
705,406,1111
909,25,934
136,170,306
817,990,1807
265,68,333
670,630,1300
895,956,1851
220,78,298
636,975,1611
455,46,501
103,932,1035
303,50,353
713,493,1206
150,813,963
117,762,879
884,665,1549
231,650,881
777,5,782
307,466,773
345,448,793
383,941,1324
930,590,1520
738,382,1120
67,473,540
131,413,544
561,316,877
760,675,1435
990,138,1128
943,783,1726
704,437,1141
135,917,1052
262,62,324
261,966,1227
23,755,778
815,265,1080
606,453,1059
766,750,1516
63,176,239
471,971,1442
956,469,1425
609,223,832
681,788,1469
187,335,522
711,744,1455
707,944,1651
712,513,1225
449,468,917
114,188,302
265,633,898
406,844,1250
38,115,153
450,816,1266
324,775,1099
387,92,479
62,443,505
326,306,632
690,686,1376
624,772,1396
335,967,1302
9,124,133
169,802,971
7,165,172
589,782,1371
965,430,1395
82,383,465
681,126,807
24,766,790
992,925,1917
129,534,663
309,394,703
259,136,395
469,831,1300
967,308,1275
328,456,784
330,879,1209
790,528,1318
133,731,864
279,548,827
415,148,563
220,577,797
369,837,1206
135,227,362
20,62,82
687,193,880
61,727,788
183,684,867
591,717,1308
520,764,1284
37,583,620
958,8,966
552,877,1429
26,981,1007
28,321,349
144,176,320
791,811,1602
230,784,1014
798,230,1028
940,509,1449
74,897,971
918,874,1792
778,700,1478
568,674,1242
817,52,869
769,392,1161
983,520,1503
443,642,1085
324,624,948
693,476,1169
569,663,1232
940,157,1097
802,251,1053
343,9,352
737,995,1732
76,644,720
906,641,1547
553,24,577
721,108,829
986,41,1027
933,967,1900
244,353,597
822,284,1106
268,622,890
273,666,939
387,374,761
982,172,1154
367,482,849
487,330,817
623,340,963
160,717,877
944,198,1142
938,876,1814
408,659,1067
853,28,881
954,746,1700
262,603,865
392,311,703
484,925,1409
282,267,549
269,531,800
183,988,1171
643,831,1474
434,851,1285
230,774,1004
63,420,483
986,657,1643
332,8,340
981,382,1363
924,954,1878
858,544,1402
685,795,1480
566,328,894
399,836,1235
665,292,957
260,14,274
990,535,1525
722,279,1001
334,164,498
563,365,928
725,335,1060
690,628,1318
514,899,1413
53,870,923
922,482,1404
410,844,1254
695,668,1363
848,290,1138
287,893,1180
989,912,1901
843,410,1253
716,337,1053
495,211,706
473,389,862
373,308,681
266,962,1228
805,31,836
912,565,1477
248,920,1168
166,583,749
910,494,1404
727,378,1105
980,94,1074
7,689,696
751,263,1014
933,767,1700
460,251,711
505,470,975
62,260,322
484,991,1475
895,74,969
994,192,1186
506,831,1337
244,266,510
196,202,398
877,792,1669
366,455,821
607,723,1330
419,155,574
593,890,1483
997,640,1637
232,853,1085
362,941,1303
263,15,278
728,485,1213
622,486,1108
43,284,327
848,31,879
332,984,1316
703,628,1331
240,526,766
251,31,282
142,302,444
514,209,723
794,24,818
965,579,1544
304,560,864
325,926,1251
447,888,1335
956,355,1311
699,408,1107
617,920,1537
934,459,1393
816,348,1164
246,438,684
870,737,1607
83,457,540
521,40,561
470,643,1113
266,558,824
102,952,1054
24,971,995
544,977,1521
615,943,1558
153,641,794
609,177,786
669,335,1004
239,722,961
151,365,516
800,833,1633
442,156,598
725,342,1067
99,309,408
73,295,368
705,517,1222
917,3,920
364,404,768
940,332,1272
14,137,151
262,998,1260
15,269,284
97,539,636
647,444,1091
424,338,762
671,30,701
863,406,1269
373,381,754
807,509,1316
390,845,1235
719,518,1237
99,295,394
496,348,844
399,513,912
847,27,874
377,377,754
129,207,336
479,94,573
47,374,421
976,160,1136
401,916,1317
400,513,913
44,546,590
105,228,333
270,223,493
913,438,1351
515,889,1404
980,106,1086
623,529,1152
221,456,677
983,691,1674
78,563,641
377,933,1310
789,588,1377
468,963,1431
810,59,869
818,359,1177
458,649,1107
769,334,1103
848,580,1428
89,386,475
74,876,950
930,448,1378
404,357,761
897,41,938
709,770,1479
514,755,1269
743,75,818
908,992,1900
380,828,1208
433,719,1152
905,240,1145
386,880,1266
498,312,810
499,907,1406
3,786,789
244,802,1046
893,739,1632
637,956,1593
140,458,598
707,775,1482
913,665,1578
110,970,1080
790,810,1600
485,219,704
389,322,711
518,132,650
929,58,987
639,362,1001
806,415,1221
994,532,1526
774,437,1211
229,232,461
486,180,666
412,152,564
118,288,406
589,728,1317
586,22,608
157,712,869
57,660,717
578,475,1053
629,852,1481
542,266,808
535,775,1310
103,563,666
315,376,691
582,816,1398
23,374,397
84,214,298
908,351,1259
953,508,1461
387,716,1103
84,742,826
840,65,905
941,112,1053
508,893,1401
506,3,509
189,752,941
111,363,474
717,827,1544
271,831,1102
663,707,1370
405,655,1060
669,184,853
375,740,1115
0,422,422
458,670,1128
489,744,1233
480,581,1061
19,223,242
961,951,1912
213,37,250
71,345,416
802,734,1536
176,10,186
388,562,950
957,885,1842
249,36,285
650,712,1362
401,378,779
164,651,815
352,569,921
102,779,881
309,876,1185
705,562,1267
44,365,409
167,497,664
299,674,973
921,611,1532
432,887,1319
689,610,1299
335,753,1088
251,590,841
504,850,1354
115,444,559
43,341,384
447,10,457
22,847,869
37,804,841
298,73,371
405,775,1180
836,604,1440
87,154,241
937,735,1672
134,85,219
965,408,1373
353,693,1046
402,326,728
405,112,517
705,583,1288
264,951,1215
582,711,1293
742,183,925
579,545,1124
848,749,1597
360,339,699
694,587,1281
301,95,396
906,477,1383
891,970,1861
743,873,1616
658,611,1269
912,972,1884
387,22,409
73,68,141
110,802,912
193,285,478
0,738,738
220,134,354
190,16,206
233,77,310
146,575,721
141,694,835
302,271,573
216,202,418
736,795,1531
991,392,1383
760,554,1314
188,482,670
486,798,1284
533,671,1204
853,880,1733
49,889,938
369,154,523
553,962,1515
95,515,610
944,740,1684
191,336,527
531,291,822
358,94,452
55,554,609
20,647,667
975,886,1861
523,794,1317
795,740,1535
65,589,654
178,706,884
309,646,955
864,904,1768
301,533,834
282,718,1000
306,487,793
239,235,474
249,131,380
43,160,203
358,843,1201
231,346,577
916,358,1274
965,521,1486
879,33,912
815,229,1044
581,562,1143
120,362,482
378,863,1241
467,566,1033
277,65,342
398,276,674
511,276,787
752,605,1357
277,839,1116
289,941,1230
461,208,669
233,454,687
376,441,817
568,903,1471
985,62,1047
518,756,1274
559,216,775
764,694,1458
847,229,1076
167,603,770
981,783,1764
479,170,649
663,420,1083
311,578,889
140,255,395
234,667,901
587,199,786
610,132,742
169,87,256
142,385,527
749,888,1637
736,449,1185
198,108,306
561,687,1248
233,267,500
110,752,862
404,125,529
53,792,845
390,609,999
710,386,1096
672,36,708
150,872,1022
747,164,911
414,858,1272
671,231,902
255,610,865
348,807,1155
200,978,1178
342,880,1222
8,710,718
316,957,1273
478,974,1452
220,910,1130
701,571,1272
879,389,1268
3,946,949
415,154,569
955,885,1840
508,251,759
90,132,222
251,136,387
941,554,1495
697,272,969
596,261,857
641,613,1254
691,125,816
84,784,868
128,921,1049
722,866,1588
870,798,1668
849,122,971
469,987,1456
757,275,1032
709,330,1039
942,831,1773
613,290,903
443,915,1358
438,141,579
565,218,783
62,587,649
954,863,1817
876,258,1134
31,786,817
379,593,972
505,833,1338
25,268,293
831,142,973
780,17,797
205,636,841
127,5,132
165,794,959
393,418,811
881,602,1483
214,355,569
789,300,1089
60,512,572
311,945,1256
397,890,1287
257,519,776
262,421,683
181,636,817
943,621,1564
708,608,1316
310,686,996
141,278,419
558,297,855
226,693,919
722,389,1111
468,101,569
621,212,833
218,907,1125
860,62,922
805,218,1023
493,195,688
927,817,1744
689,387,1076
689,690,1379
147,386,533
267,84,351
918,74,992
170,78,248
956,860,1816
944,247,1191
764,493,1257
941,186,1127
661,923,1584
428,571,999
798,778,1576
878,78,956
616,613,1229
587,283,870
459,175,634
266,614,880
180,450,630
395,567,962
106,187,293
316,555,871
495,855,1350
923,272,1195
974,365,1339
921,810,1731
339,348,687
235,853,1088
906,879,1785
623,193,816
547,952,1499
749,626,1375
357,530,887
781,483,1264
722,782,1504
806,957,1763
879,89,968
925,15,940
134,643,777
839,997,1836
972,987,1959
403,596,999
214,366,580
642,716,1358
729,484,1213
415,649,1064
25,520,545
73,76,149
373,746,1119
821,58,879
68,296,364
642,630,1272
80,395,475
720,227,947
807,386,1193
98,704,802
192,115,307
563,281,844
56,165,221
272,396,668
303,878,1181
200,384,584
255,517,772
115,279,394
965,950,1915
140,861,1001
980,865,1845
679,97,776
383,993,1376
910,590,1500
881,776,1657
210,684,894
534,196,730
788,291,1079
512,531,1043
62,248,310
136,493,629
19,300,319
446,594,1040
568,47,615
131,631,762
942,769,1711
44,363,407
962,646,1608
518,815,1333
423,867,1290
903,575,1478
27,621,648
361,551,912
87,557,644
63,790,853
619,232,851
377,782,1159
728,110,838
448,915,1363
131,244,375
400,877,1277
729,856,1585
765,341,1106
480,176,656
226,267,493
534,296,830
260,244,504
990,286,1276
75,548,623
360,688,1048
896,645,1541
217,818,1035
877,696,1573
390,904,1294
678,893,1571
580,195,775
948,939,1887
89,207,296
342,431,773
309,443,752
943,994,1937
476,254,730
281,947,1228
297,143,440
679,476,1155
190,178,368
452,885,1337
497,846,1343
285,529,814
751,276,1027
368,931,1299
446,657,1103
982,740,1722
720,126,846
518,597,1115
574,541,1115
888,780,1668
862,416,1278
536,884,1420
521,313,834
69,966,1035
825,527,1352
560,379,939
128,115,243
494,277,771
158,309,467
185,902,1087
692,26,718
328,17,345
987,83,1070
213,869,1082
131,814,945
198,513,711
497,820,1317
834,771,1605
52,476,528
759,694,1453
6,613,619
5,796,801
396,468,864
463,56,519
913,471,1384
11,936,947
718,337,1055
349,11,360
906,642,1548
909,560,1469
101,938,1039
37,394,431
425,793,1218
828,258,1086
537,380,917
645,964,1609
894,793,1687
966,256,1222
786,82,868
682,780,1462
667,414,1081
669,807,1476
349,511,860
769,216,985
822,903,1725
402,648,1050
969,189,1158
295,232,527
904,826,1730
569,884,1453
916,723,1639
854,103,957
911,731,1642
994,53,1047
131,336,467
431,332,763
218,71,289
970,154,1124
512,78,590
961,321,1282
776,218,994
174,640,814
993,350,1343
314,1000,1314
585,636,1221
558,42,600
428,335,763
212,489,701
983,660,1643
688,127,815
576,900,1476
129,350,479
920,550,1470
615,244,859
762,768,1530
190,882,1072
406,19,425
547,435,982
369,474,843
838,561,1399
298,202,500
22,35,57
436,277,713
44,926,970
749,921,1670
320,177,497
94,952,1046
719,337,1056
996,699,1695
275,926,1201
549,168,717
9,860,869
152,259,411
956,363,1319
346,935,1281
63,721,784
606,376,982
509,856,1365
298,880,1178
934,438,1372
126,738,864
146,731,877
907,196,1103
44,353,397
363,178,541
680,204,884
377,745,1122
92,177,269
884,4,888
817,484,1301
558,55,613
134,764,898
927,662,1589
867,590,1457
880,992,1872
323,919,1242
285,113,398
197,605,802
821,756,1577
222,369,591
701,42,743
58,718,776
165,326,491
160,500,660
253,37,290
544,449,993
649,568,1217
181,33,214
463,860,1323
875,120,995
93,253,346
458,720,1178
936,597,1533
141,307,448
482,866,1348
478,290,768
470,846,1316
321,323,644
432,398,830
526,343,869
312,894,1206
490,732,1222
226,228,454
834,325,1159
471,158,629
285,95,380
960,479,1439
26,846,872
644,883,1527
884,614,1498
403,983,1386
406,500,906
211,753,964
66,388,454
63,856,919
782,289,1071
743,38,781
480,900,1380
185,123,308
373,728,1101
819,92,911
84,699,783
961,564,1525
141,386,527
998,530,1528
582,430,1012
565,5,570
236,901,1137
715,102,817
747,112,859
409,735,1144
276,869,1145
689,488,1177
674,330,1004
250,124,374
578,232,810
74,489,563
414,399,813
172,831,1003
875,91,966
381,757,1138
814,908,1722
617,719,1336
685,165,850
863,789,1652
269,618,887
87,620,707
107,981,1088
544,699,1243
588,669,1257
264,749,1013
959,191,1150
658,300,958
863,192,1055
157,291,448
119,925,1044
696,497,1193
126,863,989
798,818,1616
9,199,208
948,544,1492
594,514,1108
236,116,352
993,568,1561
109,33,142
365,449,814
15,242,257
114,306,420
873,399,1272
236,582,818
293,784,1077
498,401,899
138,167,305
153,35,188
52,216,268
733,881,1614
879,561,1440
76,600,676
79,686,765
900,116,1016
456,719,1175
182,308,490
430,432,862
55,792,847
67,495,562
160,952,1112
487,609,1096
342,796,1138
722,802,1524
15,966,981
778,673,1451
949,881,1830
456,902,1358
604,482,1086
733,87,820
441,55,496
978,999,1977
365,562,927
681,402,1083
764,97,861
140,331,471
638,663,1301
116,998,1114
80,702,782
314,902,1216
763,630,1393
687,821,1508
299,762,1061
876,804,1680
577,973,1550
790,596,1386
729,63,792
604,556,1160
202,558,760
350,831,1181
177,112,289
385,766,1151
349,866,1215
990,346,1336
108,512,620
330,608,938
551,10,561
674,195,869
658,314,972
909,836,1745
523,526,1049
24,711,735
636,890,1526
126,582,708
561,73,634
142,627,769
539,742,1281
102,720,822
258,669,927
616,870,1486
309,450,759
432,413,845
964,999,1963
422,480,902
351,393,744
450,515,965
461,922,1383
823,914,1737
360,994,1354
842,203,1045
242,106,348
201,100,301
285,672,957
490,749,1239
574,819,1393
111,219,330
653,570,1223
532,443,975
775,47,822
199,895,1094
447,598,1045
96,373,469
427,119,546
169,55,224
540,896,1436
375,271,646
397,408,805
203,287,490
171,406,577
282,982,1264
116,671,787
941,960,1901
820,293,1113
940,716,1656
288,357,645
529,152,681
508,327,835
710,591,1301
899,740,1639
221,544,765
350,662,1012
292,603,895
673,93,766
519,989,1508
577,840,1417
873,887,1760
961,738,1699
725,513,1238
549,817,1366
946,821,1767
163,77,240
719,222,941
50,171,221
612,665,1277
372,741,1113
693,457,1150
767,632,1399
611,627,1238
760,965,1725
126,697,823
698,681,1379
862,493,1355
94,13,107
659,189,848
633,869,1502
239,371,610
439,416,855
10,785,795
562,228,790
410,213,623
341,24,365
997,510,1507
428,526,954
922,192,1114
888,583,1471
202,992,1194
201,714,915
728,849,1577
952,226,1178
940,565,1505
516,358,874
112,44,156
261,580,841
650,242,892
892,334,1226
192,639,831
822,944,1766
973,959,1932
434,893,1327
671,251,922
49,331,380
910,767,1677
448,344,792
433,624,1057
419,641,1060
456,662,1118
318,11,329
278,49,327
79,660,739
535,91,626
1,793,794
946,66,1012
434,282,716
620,512,1132
565,470,1035
524,553,1077
915,205,1120
985,965,1950
378,401,779
153,619,772
778,98,876
268,186,454
334,995,1329
413,22,435
615,866,1481
588,623,1211
856,701,1557
345,441,786
728,478,1206
741,430,1171
686,528,1214
542,940,1482
259,334,593
805,633,1438
962,410,1372
963,210,1173
159,892,1051
610,331,941
273,809,1082
595,277,872
544,684,1228
39,345,384
593,214,807
474,933,1407
272,206,478
542,127,669
654,368,1022
321,86,407
649,27,676
886,497,1383
55,39,94
257,477,734
783,445,1228
359,440,799
892,190,1082
605,78,683
244,596,840
317,813,1130
320,577,897
64,947,1011
52,183,235
532,351,883
260,995,1255
924,991,1915
272,312,584
869,762,1631
125,110,235
253,560,813
386,678,1064
597,458,1055
446,390,836
884,31,915
313,457,770
399,763,1162
503,770,1273
761,347,1108
341,258,599
394,411,805
764,252,1016
816,329,1145
151,154,305
950,336,1286
59,242,301
734,906,1640
673,531,1204
891,955,1846
862,781,1643
327,223,550
617,245,862
969,817,1786
541,259,800
829,722,1551
798,671,1469
124,571,695
327,904,1231
29,639,668
603,833,1436
220,90,310
468,575,1043
659,106,765
759,819,1578
607,764,1371
716,205,921
747,749,1496
986,869,1855
752,568,1320
48,817,865
772,297,1069
974,249,1223
794,665,1459
783,234,1017
108,215,323
481,795,1276
129,293,422
537,648,1185
816,990,1806
847,550,1397
777,675,1452
175,336,511
349,369,718
658,244,902
203,528,731
692,39,731
176,329,505
471,51,522
199,419,618
786,591,1377
119,756,875
399,334,733
562,503,1065
161,94,255
989,29,1018
822,676,1498
36,273,309
520,375,895
580,896,1476
247,404,651
368,909,1277
979,40,1019
275,29,304
296,243,539
96,686,782
372,133,505
136,885,1021
843,797,1640
874,711,1585
750,72,822
278,967,1245
308,208,516
158,895,1053
469,891,1360
250,766,1016
487,438,925
518,635,1153
281,329,610
204,281,485
896,499,1395
455,525,980
165,43,208
565,249,814
264,916,1180
124,73,197
89,999,1088
876,285,1161
281,876,1157
60,301,361
628,696,1324
862,11,873
879,457,1336
31,288,319
703,731,1434
856,549,1405
443,624,1067
410,50,460
435,294,729
70,463,533
55,218,273
229,858,1087
829,143,972
620,958,1578
729,92,821
180,775,955
404,636,1040
527,844,1371
338,883,1221
941,41,982
599,256,855
625,692,1317
470,122,592
628,40,668
669,966,1635
272,32,304
303,485,788
553,177,730
286,658,944
199,100,299
956,420,1376
212,703,915
320,630,950
639,699,1338
16,760,776
767,922,1689
828,329,1157
68,283,351
460,539,999
837,501,1338
142,160,302
520,333,853
118,13,131
202,134,336
815,321,1136
3,573,576
114,522,636
921,815,1736
607,483,1090
609,417,1026
934,637,1571
676,517,1193
303,897,1200
519,910,1429
236,747,983
426,731,1157
966,578,1544
598,74,672
497,751,1248
221,894,1115
599,590,1189
995,508,1503
268,828,1096
574,436,1010
730,999,1729
848,671,1519
483,11,494
225,247,472
131,600,731
632,464,1096
740,37,777
15,899,914
661,882,1543
608,694,1302
614,843,1457
629,654,1283
575,835,1410
724,199,923
21,25,46
539,65,604
550,554,1104
779,471,1250
288,501,789
697,943,1640
635,890,1525
986,775,1761
307,567,874
214,727,941
76,7,83
639,417,1056
78,351,429
407,253,660
191,76,267
761,880,1641
555,371,926
969,347,1316
545,789,1334
593,824,1417
745,11,756
926,85,1011
443,939,1382
769,91,860
240,211,451
513,151,664
805,924,1729
140,7,147
596,344,940
864,513,1377
84,180,264
883,53,936
87,600,687
104,279,383
650,325,975
481,997,1478
235,409,644
912,165,1077
714,980,1694
191,550,741
571,661,1232
566,241,807
524,810,1334
197,942,1139
556,955,1511
593,176,769
234,940,1174
974,223,1197
204,835,1039
42,712,754
852,604,1456
489,956,1445
144,585,729
772,265,1037
102,708,810
6,463,469
904,804,1708
765,190,955
843,858,1701
506,342,848
62,659,721
878,46,924
756,885,1641
906,189,1095
238,763,1001
718,815,1533
249,789,1038
980,231,1211
237,939,1176
325,948,1273
696,695,1391
359,281,640
838,923,1761
397,917,1314
854,392,1246
813,308,1121
741,242,983
255,716,971
287,315,602
66,712,778
686,657,1343
461,530,991
898,138,1036
511,747,1258
378,145,523
862,169,1031
965,356,1321
347,144,491
620,823,1443
527,918,1445
119,470,589
978,836,1814
680,54,734
277,776,1053
370,149,519
260,683,943
751,940,1691
921,682,1603
311,320,631
805,498,1303
167,655,822
64,681,745
789,942,1731
481,354,835
52,514,566
838,907,1745
530,555,1085
976,51,1027
723,234,957
856,229,1085
189,822,1011
538,771,1309
850,397,1247
705,806,1511
284,502,786
173,991,1164
71,34,105
53,209,262
208,32,240
409,72,481
994,474,1468
355,385,740
911,639,1550
15,887,902
332,512,844
970,808,1778
344,895,1239
68,595,663
409,583,992
298,748,1046
836,743,1579
301,348,649
566,879,1445
760,342,1102
411,809,1220
458,332,790
145,147,292
690,870,1560
148,167,315
304,43,347
606,264,870
905,538,1443
673,608,1281
165,129,294
688,158,846
799,772,1571
71,354,425
958,10,968
75,577,652
168,786,954
578,189,767
948,962,1910
70,837,907
3,980,983
172,541,713
235,267,502
494,563,1057
104,890,994
604,942,1546
96,735,831
852,379,1231
377,260,637
623,571,1194
419,337,756
492,586,1078
662,410,1072
257,746,1003
504,662,1166
349,158,507
167,35,202
19,286,305
472,9,481
339,24,363
988,202,1190
17,256,273
566,405,971
129,620,749
923,88,1011
258,645,903
843,43,886
104,724,828
651,964,1615
938,194,1132
245,883,1128
791,594,1385
298,405,703
868,75,943
885,191,1076
808,650,1458
759,347,1106
573,910,1483
783,409,1192
945,341,1286
485,270,755
495,952,1447
774,294,1068
693,599,1292
4,124,128
541,719,1260
548,509,1057
497,322,819
367,593,960
463,618,1081
526,565,1091
245,441,686
123,353,476
398,360,758
532,481,1013
332,988,1320
792,623,1415
133,697,830
960,850,1810
351,882,1233
661,815,1476
620,950,1570
993,288,1281
279,173,452
414,42,456
702,771,1473
773,188,961
129,546,675
812,641,1453
265,40,305
281,15,296
523,172,695
227,25,252
216,260,476
444,270,714
687,892,1579
1,669,670
75,640,715
933,789,1722
100,768,868
880,296,1176
236,826,1062
31,565,596
744,556,1300
352,169,521
13,35,48
852,483,1335
550,706,1256
944,76,1020
431,30,461
62,646,708
840,689,1529
941,231,1172
620,783,1403
49,123,172
939,169,1108
669,626,1295
408,709,1117
325,24,349
607,738,1345
522,313,835
686,638,1324
110,644,754
84,414,498
981,862,1843
624,543,1167
431,32,463
623,772,1395
777,539,1316
961,778,1739
280,789,1069
932,698,1630
359,329,688
781,348,1129
372,946,1318
77,286,363
653,761,1414
120,508,628
601,23,624
488,790,1278
703,631,1334
596,149,745
446,131,577
614,981,1595
479,721,1200
437,848,1285
608,839,1447
586,784,1370
228,966,1194
558,434,992
386,721,1107
930,715,1645
201,501,702
358,222,580
474,971,1445
410,520,930
412,905,1317
65,932,997
821,236,1057
18,406,424
167,965,1132
842,685,1527
860,54,914
387,189,576
383,206,589
412,760,1172
566,31,597
236,191,427
98,877,975
784,228,1012
411,660,1071
828,741,1569
668,50,718
512,108,620
832,411,1243
923,231,1154
197,566,763
215,931,1146
189,888,1077
854,708,1562
579,980,1559
215,865,1080
798,551,1349
534,834,1368
995,210,1205
20,808,828
344,827,1171
174,639,813
512,679,1191
875,427,1302
168,148,316
742,938,1680
978,981,1959
300,647,947
862,538,1400
964,422,1386
481,396,877
76,810,886
614,438,1052
424,930,1354
442,884,1326
489,113,602
299,137,436
948,825,1773
587,408,995
177,199,376
558,107,665
907,169,1076
700,31,731
715,725,1440
510,747,1257
832,561,1393
211,212,423
39,194,233
123,743,866
827,687,1514
155,574,729
893,880,1773
942,642,1584
670,664,1334
493,901,1394
718,64,782
589,440,1029
875,501,1376
832,559,1391
646,466,1112
560,684,1244
914,653,1567
25,360,385
15,506,521
129,206,335
952,54,1006
369,436,805
81,913,994
994,331,1325
524,360,884
1,992,993
242,749,991
915,82,997
597,111,708
762,587,1349
557,557,1114
502,667,1169
890,471,1361
792,128,920
148,185,333
588,803,1391
466,338,804
500,645,1145
661,925,1586
882,569,1451
572,722,1294
645,153,798
675,615,1290
932,623,1555
216,606,822
79,409,488
930,977,1907
807,876,1683
480,284,764
941,82,1023
828,107,935
43,565,608
299,165,464
294,141,435
573,125,698
896,747,1643
165,786,951
823,825,1648
374,574,948
281,757,1038
610,904,1514
958,474,1432
934,15,949
539,94,633
433,925,1358
353,607,960
319,526,845
218,895,1113
918,74,992
634,82,716
305,163,468
889,431,1320
682,876,1558
409,100,509
739,256,995
966,349,1315
617,881,1498
610,583,1193
555,348,903
320,377,697
126,650,776
908,500,1408
466,454,920
903,40,943
241,115,356
293,772,1065
243,837,1080
722,370,1092
823,843,1666
838,445,1283
635,993,1628
450,46,496
364,326,690
480,958,1438
145,835,980
719,113,832
809,799,1608
154,228,382
951,591,1542
977,630,1607
182,588,770
703,406,1109
739,431,1170
610,970,1580
565,268,833
779,957,1736
679,173,852
945,945,1890
571,33,604
123,737,860
352,757,1109
305,291,596
319,74,393
70,636,706
239,577,816
487,847,1334
885,92,977
902,126,1028
598,407,1005
182,730,912
282,12,294
86,900,986
824,835,1659
264,913,1177
623,940,1563
241,384,625
345,430,775
995,856,1851
75,140,215
898,643,1541
494,327,821
593,558,1151
352,864,1216
694,802,1496
130,799,929
722,53,775
517,677,1194
638,284,922
253,801,1054
857,812,1669
968,464,1432
631,356,987
671,862,1533
864,364,1228
796,771,1567
704,231,935
947,760,1707
182,120,302
420,803,1223
527,771,1298
88,176,264
767,22,789
165,623,788
384,384,768
441,725,1166
811,735,1546
134,424,558
953,551,1504
381,603,984
238,819,1057
726,952,1678
939,111,1050
234,323,557
657,224,881
605,98,703
296,456,752
509,298,807
939,980,1919
19,285,304
866,720,1586
346,206,552
899,70,969
649,960,1609
65,55,120
76,325,401
817,775,1592
33,523,556
413,126,539
260,612,872
905,229,1134
92,936,1028
97,663,760
583,320,903
348,587,935
286,582,868
371,105,476
487,678,1165
741,398,1139
742,981,1723
479,640,1119
767,685,1452
399,150,549
606,647,1253
699,680,1379
570,428,998
181,998,1179
247,148,395
930,992,1922
781,805,1586
504,549,1053
554,702,1256
984,516,1500
807,237,1044
109,720,829
185,956,1141
318,323,641
599,260,859
529,47,576
227,896,1123
539,836,1375
303,798,1101
961,280,1241
351,187,538
361,133,494
102,708,810
844,512,1356
999,772,1771
412,430,842
406,798,1204
925,796,1721
117,895,1012
710,993,1703
87,260,347
192,744,936
537,493,1030
8,512,520
287,810,1097
727,110,837
404,739,1143
431,345,776
590,666,1256
832,309,1141
350,204,554
782,205,987
699,391,1090
558,897,1455
678,0,678
356,585,941
167,569,736
525,605,1130
715,441,1156
525,583,1108
550,865,1415
670,342,1012
266,759,1025
69,47,116
230,263,493
644,902,1546
412,231,643
433,215,648
318,351,669
696,751,1447
2,625,627
357,549,906
182,447,629
334,261,595
99,243,342
825,855,1680
781,374,1155
44,527,571
353,564,917
553,456,1009
378,393,771
655,925,1580
781,442,1223
811,469,1280
298,828,1126
790,699,1489
575,535,1110
394,350,744
64,352,416
672,637,1309
452,431,883
830,350,1180
799,880,1679
681,130,811
289,441,730
548,180,728
265,107,372
518,283,801
957,431,1388
209,906,1115
162,98,260
738,740,1478
491,303,794
866,38,904
565,93,658
819,70,889
314,273,587
304,578,882
225,220,445
690,989,1679
292,542,834
898,642,1540
371,215,586
553,677,1230
594,182,776
77,736,813
45,939,984
155,959,1114
398,28,426
112,214,326
701,956,1657
613,628,1241
879,776,1655
207,404,611
934,213,1147
470,686,1156
196,682,878
268,26,294
570,686,1256
768,219,987
3,247,250
258,316,574
557,464,1021
375,509,884
383,460,843
321,559,880
237,918,1155
557,60,617
438,902,1340
272,358,630
654,673,1327
440,150,590
843,527,1370
962,626,1588
730,592,1322
432,532,964
22,857,879
219,453,672
421,902,1323
517,960,1477
876,793,1669
448,130,578
966,563,1529
833,71,904
405,345,750
388,19,407
931,829,1760
226,803,1029
960,318,1278
811,779,1590
873,804,1677
547,116,663
876,275,1151
875,137,1012
991,840,1831
107,477,584
215,129,344
487,544,1031
16,613,629
643,676,1319
252,455,707
472,909,1381
557,272,829
928,598,1526
107,865,972
147,824,971
339,892,1231
451,176,627
815,363,1178
554,764,1318
685,973,1658
803,809,1612
465,88,553
867,653,1520
699,882,1581
817,168,985
201,879,1080
687,7,694
112,487,599
424,970,1394
860,223,1083
926,433,1359
333,662,995
442,995,1437
878,141,1019
960,958,1918
513,427,940
664,651,1315
57,530,587
169,767,936
525,301,826
650,822,1472
261,156,417
170,374,544
438,188,626
4,580,584
104,688,792
550,325,875
751,317,1068
194,46,240
690,271,961
58,139,197
318,55,373
490,722,1212
127,754,881
961,836,1797
390,759,1149
485,281,766
149,131,280
313,801,1114
25,58,83
662,442,1104
49,786,835
420,48,468
409,955,1364
769,823,1592
168,970,1138
824,288,1112
269,238,507
536,274,810
636,143,779
584,306,890
589,131,720
544,673,1217
748,171,919
363,796,1159
718,416,1134
992,435,1427
403,595,998
304,836,1140
198,226,424
5,345,350
101,905,1006
537,186,723
488,75,563
311,933,1244
641,940,1581
572,819,1391
319,857,1176
821,134,955
466,730,1196
470,123,593
583,108,691
572,901,1473
168,563,731
836,352,1188
25,889,914
58,28,86
228,421,649
808,576,1384
428,348,776
983,853,1836
460,635,1095
491,695,1186
315,519,834
523,8,531
660,641,1301
975,102,1077
403,343,746
961,651,1612
920,689,1609
557,533,1090
676,494,1170
492,64,556
6,91,97
961,534,1495
155,4,159
926,17,943
812,255,1067
810,994,1804
939,686,1625
845,916,1761
815,507,1322
115,999,1114
10,205,215
887,187,1074
995,89,1084
795,528,1323
480,535,1015
837,959,1796
360,847,1207
440,320,760
446,372,818
649,121,770
389,95,484
931,773,1704
127,4,131
487,737,1224
301,936,1237
462,816,1278
238,744,982
401,979,1380
943,524,1467
321,94,415
695,846,1541
520,461,981
187,10,197
437,90,527
535,653,1188
489,713,1202
857,547,1404
269,596,865
47,869,916
207,341,548
816,650,1466
768,209,977
472,162,634
615,900,1515
443,548,991
873,980,1853
836,430,1266
14,782,796
533,956,1489
933,888,1821
182,42,224
210,94,304
515,148,663
361,226,587
120,239,359
74,325,399
323,391,714
877,746,1623
275,878,1153
571,431,1002
244,76,320
356,59,415
911,275,1186
359,627,986
679,145,824
797,800,1597
815,723,1538
247,330,577
153,762,915
140,423,563
107,828,935
966,263,1229
12,451,463
366,769,1135
729,427,1156
842,249,1091
713,432,1145
25,760,785
903,699,1602
0,615,615
334,224,558
547,671,1218
709,520,1229
910,856,1766
416,207,623
939,246,1185
882,474,1356
494,494,988
236,347,583
647,48,695
989,525,1514
999,969,1968
250,576,826
356,914,1270
209,938,1147
500,306,806
873,658,1531
829,402,1231
397,239,636
633,974,1607
974,766,1740
951,619,1570
108,566,674
137,646,783
173,932,1105
34,182,216
973,504,1477
19,23,42
806,375,1181
305,546,851
616,5,621
390,185,575
371,57,428
380,424,804
358,201,559
838,283,1121
169,438,607
992,153,1145
818,922,1740
739,366,1105
587,709,1296
378,946,1324
831,825,1656
505,299,804
289,102,391
651,137,788
921,325,1246
124,675,799
741,478,1219
927,943,1870
636,684,1320
77,1,78
935,861,1796
390,659,1049
803,590,1393
926,893,1819
705,110,815
36,789,825
820,638,1458
24,505,529
264,886,1150
863,15,878
917,193,1110
336,644,980
414,542,956
441,841,1282
851,886,1737
92,720,812
464,714,1178
778,205,983
912,802,1714
296,450,746
195,960,1155
513,76,589
523,588,1111
152,874,1026
579,298,877
71,27,98
868,747,1615
128,119,247
736,518,1254
201,903,1104
934,95,1029
843,718,1561
313,645,958
808,738,1546
489,22,511
441,968,1409
210,324,534
60,100,160
732,328,1060
918,867,1785
769,951,1720
559,872,1431
980,732,1712
717,344,1061
238,614,852
536,829,1365
949,626,1575
557,815,1372
999,323,1322
348,787,1135
758,189,947
717,936,1653
757,350,1107
682,599,1281
300,582,882
962,201,1163
731,181,912
802,130,932
213,702,915
845,609,1454
866,528,1394
111,72,183
306,418,724
348,604,952
901,235,1136
686,636,1322
791,672,1463
414,284,698
572,982,1554
909,106,1015
789,785,1574
267,966,1233
313,72,385
248,252,500
767,717,1484
216,769,985
612,542,1154
779,247,1026
686,488,1174
254,868,1122
22,532,554
836,989,1825
39,332,371
33,281,314
12,902,914
46,813,859
612,747,1359
953,459,1412
539,13,552
873,751,1624
597,89,686
226,831,1057
913,951,1864
869,224,1093
382,603,985
763,481,1244
807,123,930
353,21,374
583,807,1390
809,79,888
424,188,612
216,801,1017
677,343,1020
322,998,1320
443,965,1408
988,641,1629
639,834,1473
823,680,1503
713,232,945
570,954,1524
404,480,884
248,839,1087
437,128,565
833,762,1595
894,355,1249
945,876,1821
529,450,979
365,991,1356
595,378,973
166,304,470
616,303,919
143,744,887
893,983,1876
331,166,497
424,445,869
715,192,907
756,85,841
17,73,90
256,675,931
592,275,867
844,774,1618
226,871,1097
984,434,1418
929,698,1627
178,665,843
598,642,1240
685,368,1053
43,809,852
92,974,1066
69,816,885
864,780,1644
130,31,161
497,629,1126
400,715,1115
780,600,1380
436,170,606
946,659,1605
852,210,1062
455,678,1133
818,836,1654
707,809,1516
649,340,989
670,154,824
368,947,1315
205,503,708
781,69,850
500,222,722
685,554,1239
264,581,845
722,72,794
41,660,701
717,433,1150
484,728,1212
385,856,1241
368,152,520
539,978,1517
882,862,1744
306,876,1182
433,500,933
315,941,1256
116,590,706
362,379,741
206,490,696
231,702,933
779,449,1228
849,659,1508
439,350,789
564,865,1429
555,446,1001
591,635,1226
998,138,1136
256,603,859
4,977,981
962,304,1266
317,223,540
110,618,728
661,981,1642
979,413,1392
516,35,551
13,371,384
167,785,952
744,508,1252
330,907,1237
323,511,834
672,169,841
759,661,1420
310,523,833
951,8,959
960,835,1795
418,353,771
970,40,1010
277,725,1002
107,459,566
420,629,1049
603,109,712
788,45,833
22,127,149
823,497,1320
832,56,888
651,883,1534
1000,464,1464
245,533,778
872,284,1156
581,606,1187
303,437,740
790,980,1770
581,717,1298
87,83,170
185,652,837
943,3,946
257,985,1242
446,941,1387
500,948,1448
274,109,383
620,569,1189
468,363,831
443,270,713
243,639,882
569,939,1508
660,179,839
602,608,1210
402,81,483
699,889,1588
882,996,1878
417,745,1162
106,314,420
391,145,536
135,848,983
141,872,1013
613,641,1254
847,982,1829
430,207,637
955,356,1311
446,10,456
232,188,420
454,756,1210
551,395,946
164,73,237
206,840,1046
699,489,1188
513,840,1353
728,415,1143
905,918,1823
164,911,1075
12,577,589
33,436,469
794,571,1365
57,732,789
490,586,1076
767,60,827
993,686,1679
577,565,1142
199,876,1075
568,844,1412
719,138,857
365,495,860
107,270,377
458,917,1375
821,2,823
144,718,862
611,775,1386
326,47,373
554,739,1293
572,54,626
807,105,912
62,874,936
208,880,1088
6,6,12
120,687,807
581,476,1057
196,171,367
335,991,1326
776,954,1730
501,311,812
74,369,443
384,730,1114
155,264,419
212,291,503
172,934,1106
369,769,1138
267,707,974
122,786,908
448,421,869
785,490,1275
702,812,1514
373,332,705
258,677,935
720,430,1150
403,910,1313
107,525,632
46,498,544
355,294,649
515,581,1096
644,629,1273
451,514,965
131,337,468
726,427,1153
106,65,171
57,553,610
267,675,942
640,977,1617
493,46,539
51,928,979
72,190,262
865,807,1672
382,438,820
742,791,1533
204,104,308
928,590,1518
775,0,775
141,121,262
283,164,447
257,808,1065
138,268,406
468,845,1313
373,231,604
419,371,790
470,499,969
608,12,620
93,417,510
670,175,845
233,365,598
714,561,1275
117,294,411
243,605,848
981,858,1839
526,868,1394
529,151,680
740,558,1298
641,951,1592
8,1000,1008
612,178,790
175,420,595
888,40,928
489,901,1390
241,997,1238
70,772,842
986,42,1028
180,152,332
617,126,743
433,66,499
863,418,1281
481,953,1434
546,222,768
254,253,507
147,371,518
391,100,491
802,140,942
147,540,687
839,652,1491
66,943,1009
871,665,1536
398,710,1108
524,276,800
31,866,897
303,886,1189
761,593,1354
16,10,26
545,541,1086
306,741,1047
300,246,546
108,868,976
254,787,1041
253,913,1166
561,482,1043
709,715,1424
658,169,827
61,957,1018
859,748,1607
123,686,809
110,298,408
843,624,1467
912,904,1816
131,887,1018
219,211,430
24,619,643
850,433,1283
249,606,855
384,718,1102
583,775,1358
575,179,754
790,921,1711
384,162,546
581,702,1283
955,240,1195
225,741,966
111,564,675
965,157,1122
598,920,1518
674,987,1661
67,585,652
62,909,971
126,192,318
177,259,436
985,255,1240
318,894,1212
270,660,930
863,292,1155
4,782,786
62,638,700
227,749,976
30,60,90
677,472,1149
297,295,592
484,82,566
774,13,787
749,134,883
493,248,741
73,152,225
388,908,1296
31,135,166
380,954,1334
743,715,1458
538,898,1436
959,531,1490
708,681,1389
254,978,1232
981,243,1224
503,655,1158
48,98,146
948,933,1881
943,617,1560
204,783,987
304,207,511
473,740,1213
32,228,260
628,708,1336
604,398,1002
790,266,1056
963,596,1559
192,932,1124
575,84,659
755,565,1320
974,886,1860
104,580,684
790,982,1772
658,863,1521
834,469,1303
969,467,1436
748,240,988
273,494,767
861,549,1410
555,258,813
947,675,1622
313,860,1173
859,245,1104
483,4,487
430,782,1212
964,115,1079
304,626,930
240,889,1129
517,274,791
61,536,597
784,578,1362
571,806,1377
194,131,325
641,196,837
275,849,1124
736,207,943
378,896,1274
776,793,1569
558,1,559
708,314,1022
729,95,824
821,494,1315
31,854,885
291,709,1000